212 0 1 1 1 1 1 2 1 0 3 1 1 4 195 42 0 1 138 1 1 2 2 1 36.9747 3 1 COMEMO 4 1 SISTEMA 5 3 uma lista aqui 6 16 -0.399991 -0.466657 -0.466657 -0.49999 -0.49999 -0.49999 -0.49999 -0.49999 -0.466657 -0.433324 -0.0666631 -0.0666631 2.563e-06 0.0333354 0.100001 0.399996 7 2 primeiro texto 43 0 1 1 1 1 1 2 1 0 3 1 1 4 26 9 0 1 2 1 1 64.3038 2 1 145 \\\; \\\; \\\; \\\; \\\; \\\; \\\; \\\; \\\; \\\; \\\; \\\; \\\; \\\; \\\; \\\; 5 1 0 \; 47 0 1 321 1 1 5 2 1 101.278 3 1 OUTRO 4 1 SIMBOLO 5 3 outra lista agora 6 16 -0.399991 -0.466657 0.466667 0.333336 0.233337 0.200005 -0.6 -0.699998 -0.716665 -0.733331 0.633333 0.500002 -0.633333 -0.666666 -0.733332 -0.799997 7 7 outro \\\; texto \\\; múltiplas \\\; entradas 43 0 1 1 1 1 1 2 1 0 3 1 1 4 26 \\\; \\\; \\\; 9 0 1 4 1 1 94.8481 2 1 273 \\\; \\\; \\\; \\\; \\\; \\\; \\\; \\\; \\\; \\\; \\\; \\\; \\\; 5 1 3 \; \; \; \; \; \; \; \; \; \; \; \; \; \; \; 5 1 0;
212 0 1 1 1 1 1 2 1 0 3 1 1 4 195 42 0 1 138 1 1 2 2 1 36.9747 3 1 COMEMO 4 1 SISTEMA 5 3 uma lista aqui 6 16 -0.399991 -0.466657 -0.466657 -0.49999 -0.49999 -0.49999 -0.49999 -0.49999 -0.466657 -0.433324 -0.0666631 -0.0666631 2.563e-06 0.0333354 0.100001 0.399996 7 2 primeiro texto 43 0 1 1 1 1 1 2 1 0 3 1 1 4 26 9 0 1 2 1 1 64.3038 2 1 145 \\\; \\\; \\\; \\\; \\\; \\\; \\\; \\\; \\\; \\\; \\\; \\\; \\\; \\\; \\\; \\\; 5 1 0 \; 47 0 1 321 1 1 5 2 1 101.278 3 1 OUTRO 4 1 SIMBOLO 5 3 outra lista agora 6 16 -0.399991 -0.466657 0.466667 0.333336 0.233337 0.200005 -0.6 -0.699998 -0.716665 -0.733331 0.633333 0.500002 -0.633333 -0.666666 -0.733332 -0.799997 7 7 outro \\\; texto \\\; múltiplas \\\; entradas 43 0 1 1 1 1 1 2 1 0 3 1 1 4 26 \\\; \\\; \\\; 9 0 1 4 1 1 94.8481 2 1 273 \\\; \\\; \\\; \\\; \\\; \\\; \\\; \\\; \\\; \\\; \\\; \\\; \\\; 5 1 3 \; \; \; \; \; \; \; \; \; \; \; \; \; \; \; 5 1 1;
322 0 1 1 1 1 1 2 1 0 3 1 1 4 305 42 0 1 138 1 1 2 2 1 36.9747 3 1 COMEMO 4 1 SISTEMA 5 3 uma lista aqui 6 16 -0.399991 -0.466657 -0.466657 -0.49999 -0.49999 -0.49999 -0.49999 -0.49999 -0.466657 -0.433324 -0.0666631 -0.0666631 2.563e-06 0.0333354 0.100001 0.399996 7 2 primeiro texto 43 0 1 1 1 1 1 2 1 0 3 1 1 4 26 9 0 1 2 1 1 64.3038 2 1 145 \\\; \\\; \\\; \\\; \\\; \\\; \\\; \\\; \\\; \\\; \\\; \\\; \\\; \\\; \\\; \\\; 5 1 0 \; 47 0 1 321 1 1 5 2 1 101.278 3 1 OUTRO 4 1 SIMBOLO 5 3 outra lista agora 6 16 -0.399991 -0.466657 0.466667 0.333336 0.233337 0.200005 -0.6 -0.699998 -0.716665 -0.733331 0.633333 0.500002 -0.633333 -0.666666 -0.733332 -0.799997 7 7 outro \\\; texto \\\; múltiplas \\\; entradas 43 0 1 1 1 1 1 2 1 0 3 1 1 4 26 \\\; \\\; \\\; 9 0 1 4 1 1 94.8481 2 1 273 \\\; \\\; \\\; \\\; \\\; \\\; \\\; \\\; \\\; \\\; \\\; \\\; \\\; 5 1 3 \; \; 45 0 1 -60 1 1 2 2 1 62.6962 3 1 MAIS 4 1 UM 5 2 vários ítens 6 16 -0.766647 -0.766647 -0.733314 -0.599983 -0.433319 -0.266654 -0.0999904 0.100007 0.200005 0.333336 0.333336 0.466668 0.566666 0.666665 0.766663 0.666665 7 6 3487 \\\; 456 \\\; 56 \\\; 63 0 1 1 1 1 1 2 1 0 3 1 1 4 46 \\\; \\\; \\\; 9 0 1 4 1 1 94.8481 2 1 273 \\\; \\\; \\\; \\\; \\\; \\\; \\\; \\\; \\\; 9 0 1 0 1 1 104.494 2 1 256 \\\; 9 0 1 2 1 1 54.6582 2 1 -122 \\\; \\\; \\\; 5 1 13 \; \; \; \; \; \; \; \; \; \; \; \; \; 5 1 3;
;
;
;
;
;
;
;
;
;
;
;
;
;
